Clock		Name		Mode	A	EndV	EndA	mAh	Wh	mOhmmin	mOhmavg	mOhmmax	Vavg
1405108002	turhatesti	DSCH	1	4.05	0.9	25.443	0.1032	1e+09	-nan	0	4.058
1405108808	turhatesti	DSCH	1	4.05	0	3.3366	0.01353	N/A	N/A	N/A	4.067
1405108860	turhatesti	CHA	1	4.2	0	0.22206	0.000935	N/A	N/A	N/A	4.165
1405108983	turhatesti	CHA	1	4.2	0.13	59.098	0.2483	N/A	N/A	N/A	4.202
1405109843	turhatesti	CHA	1	4.2	0.13	2.343	0.009846	N/A	N/A	N/A	4.202
1405109940	turhatesti	CHA	1	4.2	0.13	1.0891	0.004576	N/A	N/A	N/A	4.201
1405110016	turhatesti	CHA	1	4.2	0.13	0.93452	0.003927	N/A	N/A	N/A	4.201
1405110357	turhatesti	CHA	1	4.2	0.13	1.873	0.007871	N/A	N/A	N/A	4.201
1405114767	turhatesti	CHA	1	4.2	0.13	6.1785	0.02596	N/A	N/A	N/A	4.202
1405120356	26HA_420_alkulat	CHA	1.3	4.2	0.13	1625.9	6.47	N/A	N/A	N/A	4.034
1405126370	26HA_420_sykli1d	DSCH	1.3	2.75	0.52	2555.8	9.148	63.84	70.2	199.3	3.564
1405133657	26HA_420_sykli1c	CHA	1.3	4.2	0.13	2557.8	9.903	64.82	67.44	75.58	3.926
1405142210	26HA_420_sykli2d	DSCH	1.3	2.75	0.52	2548.1	9.125	63.17	70.33	228.8	3.565
1405149478	26HA_420_sykli2c	CHA	1.3	4.2	0.13	2554.3	9.884	63.98	66.59	75.03	3.922
1405157972	26HA_420_sykli3d	DSCH	1.3	2.75	0.52	2559.4	9.173	62.37	68.15	180.8	3.569
1405165266	26HA_420_varastolat1	CHA	1.3	4.2	0.52	2461.2	9.481	N/A	N/A	N/A	3.864
1405198906	26HA_420_varastolat1	CHA	0.52	4.2	0.065	196.46	0.821	N/A	N/A	N/A	4.189
1405201862	26HB_400_alkulat	CHA	1.3	4.2	0.13	1413.2	5.673	N/A	N/A	N/A	4.065
1405207269	26HB_400_sykli1d	DSCH	1.3	2.75	0.52	2556.7	9.153	64.05	70.18	193.6	3.564
1405219484	26HB_400_sykli1c	CHA	1.3	4.2	0.13	804.69	3.313	65.96	66.34	66.59	4.149
1405223157	26HB_400_sykli2d	DSCH	1.3	2.75	0.52	2545	9.115	63.34	70.65	233.8	3.566
1405256753	26HB_400_sykli2c	CHA	1.3	4.2	0.13	649.29	2.691	66.74	66.74	66.74	4.169
1405259967	26HB_400_sykli3d	DSCH	1.3	2.75	0.52	2557.5	9.171	62.13	67.83	177.9	3.571
1405267252	26HB_400_varastolat1	CHA	1.3	4	0.52	2034.2	7.699	N/A	N/A	N/A	3.794
1405275045	26HB_400_varastolat1	CHA	0.52	4	0.065	124.16	0.4962	N/A	N/A	N/A	3.998
1405277209	26HA_420_varastolat2	CHA	0.52	4.2	0.065	39.88	0.1676	N/A	N/A	N/A	4.202
1405278202	26HC_360_alkulat	CHA	1.3	4.2	0.13	1410.3	5.661	N/A	N/A	N/A	4.064
1405283598	26HC_360_sykli1d	DSCH	1.3	2.75	0.52	2550	9.127	64.35	71.42	225.2	3.563
1405290873	26HC_360_sykli1c	CHA	1.3	4.2	0.13	2553.3	9.885	65	67.54	76.49	3.924
1405299378	26HC_360_sykli2d	DSCH	1.3	2.75	0.52	2546.1	9.122	63.3	70.33	225.9	3.567
1405306637	26HC_360_sykli2c	CHA	1.3	4.2	0.13	2548.7	9.863	64.74	67.15	75.92	3.922
1405315106	26HC_360_sykli3d	DSCH	1.3	2.75	0.52	2548.3	9.131	63.08	69.79	214.9	3.568
1405322368	26HC_360_varastolat1	CHA	1.3	3.6	0.52	334.11	1.198	N/A	N/A	N/A	3.587
1405339478	26HC_360_varastolat1	CHA	0.52	3.6	0.065	201.65	0.7252	N/A	N/A	N/A	3.598
1405343345	26HD_335_alkulat	CHA	1.3	4.2	0.13	1402.1	5.631	N/A	N/A	N/A	4.066
1405348725	26HD_335_sykli1d	DSCH	1.3	2.75	0.52	2540.8	9.102	64.01	71.4	236.4	3.567
1405355965	26HD_335_sykli1c	CHA	1.3	4.2	0.13	2540.2	9.84	65.82	68.54	77.51	3.928
1405364472	26HD_335_sykli2d	DSCH	1.3	2.75	0.52	2523.7	9.038	64.51	69.68	162	3.566
1405371667	26HD_335_sykli2c	CHA	1.3	4.2	0.13	2525.2	9.78	65.48	68.11	77.29	3.927
1405380109	26HD_335_sykli3d	DSCH	1.3	2.75	0.52	2518.6	9.022	63.98	69.94	179	3.566
1405387290	26HD_335_varastolat1	CHA	1.3	3.35	0.52	0.03093	0.0001036	N/A	N/A	N/A	3.341
1405395198	26HD_345_varastolat1	CHA	0.52	3.45	0.065	29.909	0.1032	N/A	N/A	N/A	3.451
1405396395	26HB_400_varastolat2	CHA	0.52	4	0.065	20.1	0.08038	N/A	N/A	N/A	3.999
1405397255	26HE_420_alkulat	CHA	1.3	4.2	0.13	1411.6	5.671	N/A	N/A	N/A	4.068
1405402710	26HE_420_sykli1d	DSCH	1.3	2.75	0.52	2548.4	9.122	63.98	70.89	220	3.564
1405409976	26HE_420_sykli1c	CHA	1.3	4.2	0.13	2554.8	9.891	64.63	67.2	75.8	3.925
1405418487	26HE_420_sykli2d	DSCH	1.3	2.75	0.52	2537.2	9.096	62.34	67.1	131.4	3.57
1405425719	26HE_420_sykli2c	CHA	1.3	4.2	0.13	2537.6	9.826	64.59	67.28	75.87	3.925
1405434174	26HE_420_sykli3d	DSCH	1.3	2.75	0.52	2529.2	9.062	63.04	68.41	153.8	3.567
1405441386	26HE_420_sykli3d	DSCH	1.3	2.75	0.26	47.606	0.1319	N/A	N/A	N/A	2.76
1405448496	26HC_360_varastolat2	CHA	0.52	3.6	0.065	7.5968	0.02734	N/A	N/A	N/A	3.598
1405450105	29EA_420_alkulat	CHA	1.45	4.2	0.145	1599.3	6.402	N/A	N/A	N/A	4.05
1405461765	29EA_420_alkulat	CHA	1.45	4.2	0.145	2565.4	9.904	N/A	N/A	N/A	3.915
1405469399	29EA_420_sykli1d	DSCH	1.45	2.5	0.58	2824.4	10.07	36.75	40.7	107.8	3.541
1405476644	29EA_420_sykli1c	CHA	1.45	4.2	0.145	2828.1	10.82	36.91	38.47	44.33	3.879
1405485034	26HD_345_varastolat2	CHA	0.52	3.45	0.065	0.66679	0.002301	N/A	N/A	N/A	3.451
1405485160	29EA_420_sykli2d	DSCH	1.45	2.5	0.58	2830.2	10.1	35.45	39.14	96.3	3.545
1405492414	29EA_420_sykli2c	CHA	1.45	4.2	0.145	2835.1	10.84	36.02	37.55	43.64	3.876
1405500672	29EA_420_sykli3d	DSCH	1.45	2.5	0.58	2829.9	10.1	35.19	39.19	101.6	3.546
1405509194	29EA_420_varastolat1	CHA	1.45	4.2	0.58	2253.8	8.739	N/A	N/A	N/A	3.892
1405515206	29EA_420_varastolat1	CHA	0.58	4.2	0.0725	112.43	0.4721	N/A	N/A	N/A	4.201
1405517133	29EB_400_alkulat	CHA	1.45	4.2	0.145	1592.2	6.372	N/A	N/A	N/A	4.049
1405522379	29EB_400_sykli1d	DSCH	1.45	2.5	0.58	2837.3	10.12	36.33	39.85	89.5	3.542
1405529652	29EB_400_sykli1c	CHA	1.45	4.2	0.145	2840.3	10.86	36.25	37.89	43.85	3.881
1405538016	29EB_400_sykli2d	DSCH	1.45	2.5	0.58	2826.1	10.08	35.77	39.83	104.1	3.543
1405545265	29EB_400_sykli2c	CHA	1.45	4.2	0.145	2829.5	10.83	36.49	38.03	44.23	3.882
1405553570	29EB_400_sykli3d	DSCH	1.45	2.5	0.58	2824.4	10.08	35.73	39.97	108.1	3.543
1405560814	29EB_400_varastolat1	CHA	1.45	4	0.58	2228.7	8.316	N/A	N/A	N/A	3.743
1405566990	29EB_400_varastolat1	CHA	0.58	4	0.0725	126.69	0.5064	N/A	N/A	N/A	3.998
1405569129	29EB_400_varastolat1	CHA	0.58	4	0.0725	1.1029	0.004411	N/A	N/A	N/A	3.999
1405569265	29EC_360_alkulat	CHA	1.45	4.2	0.145	1594.1	6.376	N/A	N/A	N/A	4.047
1405574501	29EC_360_sykli1d	DSCH	1.45	2.5	0.58	2827.4	10.07	36.47	40.37	100.5	3.538
1405604859	29EC_360_sykli1c	CHA	1.45	4.2	0.145	2812.3	10.77	36.49	38.34	45.08	3.884
1405613068	29EC_360_sykli2d	DSCH	1.45	2.5	0.58	2829.1	10.09	35.61	39.45	95.99	3.543
1405620319	29EC_360_sykli2c	CHA	1.45	4.2	0.145	2832.3	10.83	36.34	38.06	43.7	3.878
1405628618	29EC_360_sykli3d	DSCH	1.45	2.5	0.58	2825.2	10.07	35.58	39.7	103.6	3.542
1405635861	29EC_360_varastolat1	CHA	1.45	3.6	0.58	764.1	2.697	N/A	N/A	N/A	3.54
1405651845	29EC_360_varastolat1	CHA	0.58	3.6	0.0725	237.34	0.8537	N/A	N/A	N/A	3.598
1405655433	29EA_420_varastolat2	CHA	0.58	4.2	0.0725	34.233	0.1438	N/A	N/A	N/A	4.202
1405656288	29EB_400_varastolat2	CHA	0.58	4	0.0725	15.835	0.06333	N/A	N/A	N/A	3.999
1405656984	29ED_345_alkulat	CHA	1.45	4.2	0.145	1597.9	6.394	N/A	N/A	N/A	4.049
1405662241	29ED_345_sykli1d	DSCH	1.45	2.5	0.58	2827.8	10.07	38.07	41.92	102.7	3.536
1405682169	29ED_345_sykli1c	CHA	1.45	4.2	0.145	0.010081	4.235e-05	N/A	N/A	N/A	4.201
1405682285	29ED_345_sykli1c	CHA	1.45	4.2	0.145	42.761	0.1796	N/A	N/A	N/A	4.201
1405692703	29ED_345_alkulat	CHA	1.45	4.2	0.145	1540.8	6.174	N/A	N/A	N/A	4.052
1405697743	29ED_345_sykli1d	DSCH	1.45	2.5	0.58	2845.6	10.16	35.85	38.84	77.93	3.547
1405705030	29ED_345_sykli1c	CHA	1.45	4.2	0.145	2845.7	10.88	36.18	37.77	43.34	3.876
1405713335	29ED_345_sykli2d	DSCH	1.45	2.5	0.58	2829.2	10.09	35.92	39.71	98.69	3.544
1405720588	29ED_345_sykli2c	CHA	1.45	4.2	0.145	2832.1	10.83	36.57	38.04	43.92	3.878
1405728853	29ED_345_sykli3d	DSCH	1.45	2.5	0.58	2831.3	10.1	35.57	39.46	98.52	3.544
1405736112	29ED_345_varastolat1	CHA	1.45	3.45	0.58	267.82	0.9185	N/A	N/A	N/A	3.433
1405746154	29ED_345_varastolat1	CHA	0.58	3.45	0.0725	100.09	0.345	N/A	N/A	N/A	3.449
1405747744	29EC_360_varastolat2	CHA	0.58	3.6	0.0725	10.661	0.03836	N/A	N/A	N/A	3.598
1405748234	29EE_345_alkulat	CHA	1.45	4.2	0.145	1599.3	6.397	N/A	N/A	N/A	4.048
1405753499	29EE_345_sykli1d	DSCH	1.45	2.5	0.58	2831.7	10.09	37.38	40.92	96.82	3.538
1405760759	29EE_345_sykli1c	CHA	1.45	4.2	0.145	2836	10.85	37.14	38.72	44.18	3.879
1405769069	29EE_345_sykli2d	DSCH	1.45	2.5	0.58	2841	10.13	36.1	39.47	84.64	3.542
1405776348	29EE_345_sykli2c	CHA	1.45	4.2	0.145	2845.5	10.87	36.27	37.82	43.46	3.874
1405784627	29EE_345_sykli3d	DSCH	1.45	2.5	0.58	2835.6	10.11	35.9	39.45	92.74	3.543
1405796495	25RA_420_alkulat	CHA	1.25	4.2	0.125	1418.6	5.644	N/A	N/A	N/A	4.006
1405801234	25RA_420_sykli1d	DSCH	1.25	2.5	0.5	2495.8	9.069	24.96	26.19	35.81	3.625
1405808545	25RA_420_sykli1c	CHA	1.25	4.2	0.125	2501	9.489	24.11	25.5	38.96	3.824
1405816386	25RA_420_sykli2d	DSCH	1.25	2.5	0.5	2496.6	9.077	24.38	25.7	34.71	3.629
1405823694	25RA_420_sykli2c	CHA	1.25	4.2	0.125	2499.3	9.48	23.9	25.35	38.76	3.822
1405831521	25RA_420_sykli3d	DSCH	1.25	2.5	0.5	2495.6	9.075	24.38	25.72	34.6	3.629
1405838823	25RA_420_varastolat1	CHA	1.25	4.2	0.5	2460.4	9.312	N/A	N/A	N/A	3.79
1405854068	25RA_420_varastolat1	CHA	0.5	4.2	0.0625	78.455	0.3281	N/A	N/A	N/A	4.188
1405855423	29ED_varastolat2	CHA	0.5	3.45	0.0625	10.302	0.03556	N/A	N/A	N/A	3.452
1405936346	25RA_varastolat2	CHA	0.5	4.2	0.0625	25.352	0.1065	N/A	N/A	N/A	4.201
1407503061	25RB_360_alkulat	CHA	1.25	4.2	0.125	1435.5	5.708	N/A	N/A	N/A	4.004
1407507834	25RB_360_sykli1d	DSCH	1.25	2.5	0.5	2502.6	9.103	24.33	25.68	33.8	3.632
1407515149	25RB_360_sykli1c	CHA	1.25	4.2	0.125	2507.3	9.509	23.93	25.36	38.37	3.821
1407522985	25RB_360_sykli2d	DSCH	1.25	2.5	0.5	2502.8	9.107	24.09	25.42	33.03	3.634
1407530295	25RB_360_sykli2c	CHA	1.25	4.2	0.125	2504.3	9.494	23.61	25.16	38.11	3.82
1407542524	25RB_360_sykli2c	CHA	1.25	4.2	0.125	1503.6	5.945	24.04	24.94	26.2	3.981
1407547457	25RB_360_sykli3d	DSCH	1.25	2.5	0.5	2494.3	9.074	24.34	25.86	34.41	3.632
1407554746	25RB_360_varastolat1	CHA	1.25	3.6	0.5	615.14	2.125	N/A	N/A	N/A	3.463
1407594733	25RB_360_varastolat1	CHA	0.5	3.6	0.0625	146.13	0.5233	N/A	N/A	N/A	3.589
1407596784	MH1A_420_alkulat	CHA	1.25	4.2	0.125	2346.9	9.303	N/A	N/A	N/A	4.012
1407605397	MH1A_420_alkulat	CHA	1.25	4.2	0.125	34.344	0.1443	N/A	N/A	N/A	4.202
1407605911	MH1A_420_sykli1d	DSCH	1.25	2.5	0.5	3111.5	11.24	50.15	54.43	114.8	3.599
1407618815	MH1A_420_sykli1c	CHA	1.25	4.2	0.125	1841.1	7.411	50.14	50.74	51.58	4.066
1407632972	MH1A_420_sykli1c	CHA	1.25	4.2	0.125	2444.9	9.641	49.77	50.94	52.9	3.989
1407641616	MH1A_420_sykli2d	DSCH	1.25	2.5	0.5	3112.6	11.25	49.92	54.4	115.6	3.601
1407650758	MH1A_420_sykli2c	CHA	1.25	4.2	0.125	3112.6	12.03	51.55	54.97	77.77	3.916
1407661407	MH1A_420_sykli3d	DSCH	1.25	2.5	0.5	3107	11.22	50.73	55.7	126.9	3.598
1407670536	MH1A_420_varastolat1	CHA	1.25	4.2	0.5	2998.1	11.56	N/A	N/A	N/A	3.872
1407680317	MH1A_420_varastolat1	CHA	0.5	4.2	0.0625	133.11	0.5587	N/A	N/A	N/A	4.2
1407682563	25RB_360_varastolat2	CHA	0.5	3.6	0.0625	12.597	0.04534	N/A	N/A	N/A	3.599
1407683078	VTC5A_420_alkulat	CHA	1.3	4.2	0.13	1927.9	7.506	N/A	N/A	N/A	3.931
1407695449	VTC5A_420_alkulat	CHA	1.3	4.2	0.13	816	3.325	N/A	N/A	N/A	4.099
1407698309	VTC5A_420_sykli1d	DSCH	1.3	2.5	0.52	2558.9	9.221	26.54	31.67	129	3.586
1407705576	VTC5A_420_sykli1c	CHA	1.3	4.2	0.13	2556.1	9.689	26	28.1	41.43	3.827
1407713399	VTC5A_420_sykli2d	DSCH	1.3	2.5	0.52	2556	9.215	26.38	31.49	129.2	3.588
1407720652	VTC5A_420_sykli2c	CHA	1.3	4.2	0.13	2557.6	9.692	25.84	27.93	41.38	3.825
1407728472	VTC5A_420_sykli3d	DSCH	1.3	2.5	0.52	2557.4	9.224	26.16	31.12	123.6	3.59
1407735725	VTC5A_420_varastolat1	CHA	1.3	4.2	0.52	2509.1	9.485	N/A	N/A	N/A	3.788
1407759742	VTC5A_420_varastolat1	CHA	0.52	4.2	0.065	108.38	0.453	N/A	N/A	N/A	4.187
1407766874	VTC5A_420_varastolat1	CHA	0.52	4.2	0.065	30.616	0.1285	N/A	N/A	N/A	4.2
1407768030	MH1A_420_varastolat2	CHA	0.52	4.2	0.0625	32.27	0.1356	N/A	N/A	N/A	4.202
1407770530	MH1B_360_alkulat	CHA	1.6	4.2	0.16	1622.3	6.611	N/A	N/A	N/A	4.117
1407776020	MH1B_360_sykli1d	DSCH	1.6	2.5	0.64	3085.4	11.05	49.8	54.61	119.3	3.566
1407799213	MH1B_360_sykli1c	CHA	1.6	4.2	0.16	261.27	1.097	N/A	N/A	N/A	4.2
1407801473	MH1B_360_sykli1c	CHA	1.6	4.2	0.16	408.31	1.713	N/A	N/A	N/A	4.199
1407803251	MH1B_360_sykli2d	DSCH	1.6	2.5	0.64	3132.1	11.22	50.03	54.79	119.9	3.569
1407810462	MH1B_360_sykli2c	CHA	1.6	4.2	0.16	3106.3	12.08	51.53	54.82	73.63	3.948
1407819203	MH1B_360_sykli3d	DSCH	1.6	2.5	0.64	3106.8	11.13	50.39	54.51	102.4	3.568
1407826356	MH1B_360_varastolat1	CHA	1.6	3.6	0.64	568.12	2.016	N/A	N/A	N/A	3.557
1407845341	MH1B_360_varastolat1	CHA	0.64	3.6	0.08	244.7	0.8798	N/A	N/A	N/A	3.597
1407850794	VTC5A_420_varastolat2	CHA	0.52	4.2	0.0625	12.296	0.05167	N/A	N/A	N/A	4.202
1407851462	VTC5B_360_alkulat	CHA	1.3	4.2	0.13	1929.5	7.514	N/A	N/A	N/A	3.933
1407857623	VTC5B_360_sykli1d	DSCH	1.3	2.5	0.52	2561.6	9.223	26.88	30.85	84.93	3.581
1407864909	VTC5B_360_sykli1c	CHA	1.3	4.2	0.13	2559.5	9.717	27.35	29.33	41.48	3.837
1407872852	VTC5B_360_sykli2d	DSCH	1.3	2.5	0.52	2558.6	9.21	27.07	31.11	86.56	3.58
1407880129	VTC5B_360_sykli2c	CHA	1.3	4.2	0.13	2562.1	9.721	26.72	28.8	41.43	3.833
1407888036	VTC5B_360_sykli3d	DSCH	1.3	2.5	0.52	2567.4	9.249	26.79	31.84	125	3.584
1407895330	VTC5B_360_varastolat1	CHA	1.3	3.6	0.52	746.23	2.613	N/A	N/A	N/A	3.51
1407898635	VTC5B_360_varastolat1	CHA	0.52	3.6	0.065	118.31	0.4257	N/A	N/A	N/A	3.598
1407900842	LGHE2A_42_alkulat	CHA	1.25	4.2	0.125	1598.3	6.286	N/A	N/A	N/A	3.98
1407906475	LGHE2A_42_sykli1d	DSCH	1.25	2.5	0.5	2387.5	8.641	26.45	28.06	38.03	3.613
1407913460	LGHE2A_42_sykli1c	CHA	1.25	4.2	0.125	2395.7	9.087	25.5	27.17	39.82	3.841
1407921350	LGHE2A_42_sykli2d	DSCH	1.25	2.5	0.5	2387.8	8.647	26.47	28.01	37.93	3.615
1407950392	MH1B_360_varastolat2	CHA	0.64	3.6	0.08	11.899	0.04282	N/A	N/A	N/A	3.599
1407950859	LGHE2A_42_sykli2c	CHA	1.25	4.2	0.125	34.05	0.1431	N/A	N/A	N/A	4.202
1407951306	LGHE2A_42_sykli3d	DSCH	1.25	2.5	0.5	2414.1	8.747	26.48	28.4	38.86	3.617
1407958365	LGHE2A_42_varastolat1	CHA	1.25	4.2	0.5	2318.7	8.768	N/A	N/A	N/A	3.792
1407966527	LGHE2A_42_varastolat1	CHA	0.5	4.2	0.0625	87.847	0.3686	N/A	N/A	N/A	4.199
1407968049	LGHE2B_36_alkulat	CHA	1.25	4.2	0.125	1613.7	6.345	N/A	N/A	N/A	3.979
1407973732	LGHE2B_36_sykli1d	DSCH	1.25	2.5	0.5	2401.8	8.69	26.76	28.39	40.89	3.611
1407980762	LGHE2B_36_sykli1c	CHA	1.25	4.2	0.125	2409.8	9.143	25.75	27.4	40.02	3.843
1407988717	LGHE2B_36_sykli2d	DSCH	1.25	2.5	0.5	2407.2	8.717	26.15	27.95	38.97	3.615
1407995757	LGHE2B_36_sykli2c	CHA	1.25	4.2	0.125	2411	9.142	25.23	27.01	39.43	3.839
1408003685	LGHE2B_36_sykli3d	DSCH	1.25	2.5	0.5	2407.6	8.723	25.97	27.7	38.31	3.618
1408010723	LGHE2B_36_varastolat1	CHA	1.25	3.6	0.5	621.1	2.154	N/A	N/A	N/A	3.475
1408014576	LGHE2B_36_varastolat1	CHA	0.5	3.6	0.0625	61.28	0.2204	N/A	N/A	N/A	3.598
1408016456	VTC5B_360_varastolat2	CHA	0.52	3.6	0.065	9.9112	0.03567	N/A	N/A	N/A	3.599
1408017009	PANA_A_42_alkulat	CHA	1.675	4.2	0.1675	1634.9	6.645	N/A	N/A	N/A	4.114
1408022542	PANA_A_42_sykli1d	DSCH	1.675	2.5	0.67	3298.6	11.51	53.92	58.5	92.2	3.477
1408029790	PANA_A_42_sykli1c	CHA	1.675	4.2	0.1675	3301.1	12.74	54.79	57.29	72.11	3.932
1408038845	PANA_A_42_sykli2d	DSCH	1.675	2.5	0.67	3292	11.51	52.19	56.74	90.56	3.485
1408046075	PANA_A_42_sykli2c	CHA	1.675	4.2	0.1675	3294.3	12.71	54.33	56.72	71.45	3.929
1408055059	PANA_A_42_sykli3d	DSCH	1.675	2.5	0.67	3282.8	11.48	52.01	56.72	93.34	3.486
1408062273	PANA_A_42_varastolat1	CHA	1.675	4.2	0.67	3088.8	11.85	N/A	N/A	N/A	3.852
1408069561	PANA_A_42_varastolat1	CHA	0.67	4.2	0.08375	231.53	0.9719	N/A	N/A	N/A	4.2
1408072516	HE2A_42_varastolat2	CHA	0.5	4.2	0.0625	29.622	0.1245	N/A	N/A	N/A	4.202
1408073211	PANA_B_36_alkulat	CHA	1.675	4.2	0.1675	1820.3	7.356	N/A	N/A	N/A	4.095
1408079147	PANA_B_36_sykli1d	DSCH	1.675	2.5	0.67	3304.8	11.55	53.48	57.64	87.17	3.484
1408086396	PANA_B_36_sykli1c	CHA	1.675	4.2	0.1675	3304.7	12.76	55.06	57.37	72.02	3.931
1408095442	PANA_B_36_sykli2d	DSCH	1.675	2.5	0.67	3272.8	11.46	51.93	56.57	92.3	3.49
1408102624	PANA_B_36_sykli2c	CHA	1.675	4.2	0.1675	3276.7	12.64	54.1	56.55	72.23	3.928
1408111541	PANA_B_36_sykli3d	DSCH	1.675	2.5	0.67	3253.8	11.4	51.55	56.51	96.23	3.493
1408118683	PANA_B_36_varastolat1	CHA	1.675	3.6	0.67	826.26	2.926	N/A	N/A	N/A	3.552
1408121192	PANA_B_36_varastolat1	CHA	0.67	3.6	0.08375	274.91	0.9892	N/A	N/A	N/A	3.599
1408128355	PANA_B_36_varastolat1	CHA	0.67	3.6	0.08375	21.69	0.07806	N/A	N/A	N/A	3.599
1408128985	LGHE2B_36_varastolat2	CHA	0.5	3.6	0.0625	17.789	0.06402	N/A	N/A	N/A	3.599
1408130442	26HF_420_alkulat	CHA	1.3	4.2	0.13	1416.1	5.681	N/A	N/A	N/A	4.061
1408135816	26HF_420_sykli1d	DSCH	1.3	2.5	0.52	2595.3	9.263	63.27	67.75	131.2	3.548
1408143218	26HF_420_sykli1c	CHA	1.3	4.2	0.13	2596.1	10.04	64.79	67.02	74.98	3.919
1408151832	26HF_420_sykli2d	DSCH	1.3	2.5	0.52	2578.7	9.204	63.24	68.91	173	3.548
1408159190	26HF_420_sykli2c	CHA	1.3	4.2	0.13	2580.9	9.98	64.76	67.15	75.72	3.919
1408167742	26HF_420_sykli3d	DSCH	1.3	2.5	0.52	2582.3	9.216	63.12	68.59	166.2	3.548
1408175108	26HF_420_varastolat1	CHA	1.3	4.2	0.52	2487.6	9.577	N/A	N/A	N/A	3.862
1408201158	26HF_420_varastolat1	CHA	0.52	4.2	0.065	175.79	0.7353	N/A	N/A	N/A	4.192
1408203442	PANA_A_42_varastolat2	CHA	0.67	4.2	0.08375	42.32	0.1778	N/A	N/A	N/A	4.202
1408209609	26HG_360_alkulat	CHA	1.3	4.2	0.13	1416.6	5.683	N/A	N/A	N/A	4.061
1408214973	26HG_360_sykli1d	DSCH	1.3	2.5	0.52	2593.5	9.257	63.29	67.85	134.2	3.548
1408222372	26HG_360_sykli1c	CHA	1.3	4.2	0.13	2596.2	10.04	64.64	66.94	75.11	3.918
1408230966	26HG_360_sykli2d	DSCH	1.3	2.5	0.52	2585.8	9.234	62.9	67.78	149.3	3.55
1408238365	PANA_B_36_varastolat2	CHA	0.67	3.6	0.08375	12.507	0.04501	N/A	N/A	N/A	3.599
1408238812	26HG_360_sykli2c	CHA	1.3	4.2	0.13	2588.7	10.01	64.57	67.26	78.34	3.919
1408247368	26HG_360_sykli3d	DSCH	1.3	2.5	0.52	2586.9	9.237	63.01	67.96	151.3	3.55
1408254745	26HG_360_varastolat1	CHA	1.3	3.6	0.52	363.02	1.3	N/A	N/A	N/A	3.584
1408256351	26HG_360_varastolat1	CHA	0.52	3.6	0.065	180.14	0.6482	N/A	N/A	N/A	3.599
1408260106	29EF_420_alkulat	CHA	1.425	4.2	0.1425	1602	6.403	N/A	N/A	N/A	4.042
1408265364	29EF_420_sykli1d	DSCH	1.425	2.5	0.57	2858	10.19	37.51	40.38	72.55	3.544
1408272807	29EF_420_sykli1c	CHA	1.425	4.2	0.1425	2863.5	10.93	37.35	38.92	44.99	3.868
1408281203	29EF_420_sykli2d	DSCH	1.425	2.5	0.57	2860.4	10.21	36.54	40.63	109.7	3.549
1408288649	29EF_420_sykli2c	CHA	1.425	4.2	0.1425	2863.4	10.93	37.14	38.73	44.91	3.867
1408297042	29EF_420_sykli3d	DSCH	1.425	2.5	0.57	2849.7	10.17	36.72	39.95	80.12	3.547
1408304464	29EF_420_varastolat1	CHA	1.425	4.2	0.57	2759.2	10.5	N/A	N/A	N/A	3.819
1408312678	29EF_420_varastolat1	CHA	0.57	4.2	0.07125	112.51	0.4717	N/A	N/A	N/A	4.198
1408314335	26HF_420_varastolat2	CHA	0.52	4.2	0.065	40.599	0.1706	N/A	N/A	N/A	4.202
1408418551	26HG_360_varastolat2	CHA	0.52	3.6	0.065	6.862	0.0247	N/A	N/A	N/A	3.599
1408419237	29EF_420_varastolat2	CHA	0.57	4.2	0.07125	32.98	0.1385	N/A	N/A	N/A	4.202
1408419851	29EG_320_alkulat	CHA	1.425	4.2	0.1425	1363.4	5.505	N/A	N/A	N/A	4.08
1408424553	29EG_320_sykli1d	DSCH	1.425	2.5	0.57	2840.5	10.13	36.29	39.68	83.67	3.545
1408431954	29EG_320_sykli1c	CHA	1.425	4.2	0.1425	2845.3	10.87	36.36	37.87	43.91	3.873
1408440360	29EG_320_sykli2d	DSCH	1.425	2.5	0.57	2833.3	10.12	35.92	39.17	89.06	3.549
1408447742	29EG_320_sykli2c	CHA	1.425	4.2	0.1425	2835.7	10.84	36.4	37.91	44.16	3.874
